4294967279,413
225,9
225,8
225,7
225,6
225,5
225,4
225,3
225,2
225,1
4294967279,412
224,7
224,6
224,5
224,4
224,3
224,2
224,1
4294967279,411
4294967294,505
223,6
223,5
223,4
223,3
223,2
223,1
222,7
222,6
222,5
222,4
222,3
222,2
222,1
4294967294,1471
4294967294,1470
4294967294,1463
4294967294,1455
221,5
221,4
221,3
221,2
221,1
220,8
220,7
220,6
220,5
220,4
220,3
220,2
220,1
219,6
219,5
219,4
219,3
219,2
219,1
218,10
218,9
218,8
218,7
218,6
218,5
218,4
218,3
218,2
218,1
4294967294,504
217,7
217,6
217,5
217,4
217,3
217,2
217,1
216,11
216,10
216,9
216,8
216,7
216,6
216,5
216,4
216,3
216,2
216,1
4294967279,410
4294967294,1469
4294967294,1468
4294967294,1461
4294967294,918
4294967279,409
111,4
215,16
215,15
215,14
215,13
215,12
215,11
215,10
215,9
215,8
215,7
215,6
215,5
215,4
215,3
215,2
215,1
4294967294,1453
4294967294,503
214,4
214,3
214,2
214,1
4294967279,408
4294967279,407
213,4
213,3
213,2
213,1
4294967294,1003
117,4
109,4
212,4
212,3
212,2
212,1
211,4
211,3
211,2
211,1
4294967278,349
210,6
210,5
210,4
210,3
210,2
210,1
4294967279,406
209,6
209,5
209,4
209,3
209,2
209,1
4294967278,348
208,7
208,6
208,5
208,4
208,3
208,2
208,1
4294967278,347
4294967279,405
4294967294,502
207,7
207,6
207,5
207,4
207,3
207,2
207,1
4294967278,346
206,5
206,4
206,3
206,2
206,1
4294967279,404
4294967278,345
4294967294,449
205,8
205,7
205,6
205,5
205,4
205,3
205,2
205,1
4294967279,403
4294967294,899
4294967294,176
4294967294,913
4294967278,344
4294967278,343
204,8
204,7
204,6
204,5
204,4
204,3
204,2
204,1
4294967294,1467
203,8
203,7
203,6
203,5
203,4
203,3
203,2
203,1
202,7
202,6
202,5
202,4
202,3
202,2
202,1
4294967279,402
4294967294,1425
201,7
201,6
201,5
201,4
201,3
201,2
201,1
4294967279,401
4294967279,400
200,8
200,7
200,6
200,5
200,4
200,3
200,2
200,1
4294967279,399
4294967294,501
199,5
199,4
199,3
199,2
199,1
4294967279,398
198,7
198,6
4294967294,1465
198,5
198,4
198,3
198,2
198,1
4294967279,397
4294967278,342
4294967278,341
4294967294,500
197,5
197,4
197,3
197,2
197,1
4294967278,340
4294967278,339
4294967278,338
4294967278,337
196,9
196,8
196,7
196,6
196,5
196,4
196,3
196,2
196,1
4294967278,336
195,8
195,7
195,6
195,5
195,4
195,3
195,2
195,1
4294967279,396
194,7
194,6
194,5
194,4
194,3
194,2
194,1
4294967279,395
193,7
193,6
193,5
193,4
193,3
193,2
193,1
192,7
192,6
192,5
192,4
192,3
192,2
192,1
4294967279,394
191,6
191,5
191,4
191,3
191,2
191,1
78,4
190,5
190,4
190,3
190,2
190,1
4294967278,335
4294967279,393
189,5
189,4
189,3
189,2
189,1
4294967278,334
4294967294,499
188,5
188,4
188,3
188,2
188,1
4294967279,392
187,5
187,4
187,3
187,2
187,1
4294967279,391
4294967294,1466
4294967294,922
186,7
186,6
186,5
186,4
186,3
186,2
186,1
4294967279,390
4294967294,1464
4294967294,1460
185,7
185,6
185,5
185,4
185,3
185,2
185,1
184,7
184,6
184,5
184,4
184,3
184,2
184,1
4294967279,389
183,7
183,6
183,5
183,4
183,3
183,2
183,1
182,7
182,6
182,5
182,4
182,3
182,2
182,1
181,5
181,4
181,3
181,2
181,1
4294967294,38
4294967294,37
4294967294,36
4294967294,39
4294967294,1462
180,7
180,6
180,5
180,4
180,3
180,2
180,1
4294967294,40
4294967278,333
179,9
179,8
179,7
132,8
132,7
132,4
179,6
179,5
179,4
179,3
179,2
179,1
4294967279,388
4294967294,498
178,7
178,6
178,5
178,4
178,3
178,2
178,1
4294967294,1458
4294967278,332
177,6
177,5
177,4
177,3
177,2
177,1
4294967279,283
129,4
176,6
176,5
176,4
176,3
176,2
176,1
4294967294,391
4294967294,454
4294967294,415
4294967278,331
175,7
175,6
175,5
175,4
175,3
175,2
175,1
4294967294,497
174,5
174,4
174,3
174,2
174,1
173,8
173,7
125,7
125,9
125,4
173,6
173,5
173,4
173,3
173,2
173,1
4294967279,387
4294967278,233
124,4
172,6
172,5
172,4
172,3
172,2
172,1
123,4
171,10
171,9
171,8
171,7
171,6
171,5
171,4
171,3
171,2
171,1
170,7
170,6
170,5
170,4
170,3
170,2
170,1
4294967294,173
121,4
169,11
169,10
169,9
169,8
169,7
169,6
169,5
169,4
169,3
169,2
169,1
4294967294,496
168,12
120,13
168,11
168,10
168,9
120,9
120,11
120,4
168,8
168,7
168,6
168,5
168,4
168,3
168,2
168,1
4294967294,1451
4294967294,1445
167,6
167,5
167,4
167,3
167,2
167,1
166,6
166,5
166,4
166,3
166,2
166,1
165,7
165,6
165,5
165,4
165,3
165,2
165,1
164,7
164,6
164,5
164,4
164,3
164,2
164,1
4294967294,954
163,5
163,4
163,3
163,2
163,1
4294967278,88
101,4
162,8
162,7
162,6
162,5
162,4
162,3
162,2
162,1
100,4
161,6
161,5
161,4
161,3
161,2
161,1
4294967294,1459
4294967278,330
99,4
160,8
160,7
160,6
160,5
160,4
160,3
160,2
160,1
4294967278,329
4294967294,1457
4294967294,495
4294967278,328
159,8
159,7
159,6
159,5
159,4
159,3
159,2
159,1
4294967279,386
4294967278,327
4294967294,921
4294967294,386
4294967294,1456
158,5
158,4
158,3
158,2
158,1
4294967294,916
4294967294,902
4294967294,966
157,7
157,6
157,5
157,4
157,3
157,2
157,1
4294967279,385
4294967279,384
4294967279,383
156,7
156,6
156,5
156,4
156,3
156,2
156,1
94,4
155,8
155,7
155,6
155,5
155,4
155,3
155,2
155,1
4294967279,382
4294967278,326
93,4
154,5
154,4
154,3
154,2
154,1
4294967294,494
92,4
153,7
153,6
153,5
153,4
153,3
153,2
153,1
91,4
152,5
152,4
152,3
152,2
152,1
4294967278,325
4294967279,381
90,4
151,9
151,8
151,7
151,6
151,5
151,4
151,3
151,2
151,1
4294967294,493
150,6
150,5
150,4
150,3
150,2
150,1
4294967294,1443
4294967278,324
149,8
149,7
149,6
149,5
149,4
149,3
149,2
149,1
4294967278,323
148,7
148,6
148,5
148,4
148,3
148,2
148,1
4294967294,466
4294967294,456
147,8
147,7
147,6
147,5
147,4
147,3
147,2
147,1
4294967279,380
4294967294,1002
4294967279,379
146,7
146,6
146,5
146,4
146,3
146,2
146,1
4294967294,960
4294967294,910
4294967294,965
4294967279,378
4294967294,1001
145,7
145,6
145,5
145,4
145,3
145,2
145,1
4294967279,377
4294967294,1000
144,6
144,5
144,4
144,3
144,2
144,1
4294967279,376
4294967294,492
4294967294,999
79,4
143,5
143,4
143,3
143,2
143,1
4294967278,322
4294967294,998
142,5
142,4
142,2
142,1
4294967278,275
4294967294,997
4294967279,375
141,5
141,4
141,2
141,1
4294967278,321
4294967279,264
4294967278,320
4294967294,996
140,5
140,4
140,2
140,1
4294967294,81
4294967294,50
4294967279,254
4294967294,1454
4294967294,995
139,7
139,6
139,5
139,4
139,2
139,1
4294967294,1434
4294967294,994
73,4
138,7
138,6
138,5
138,4
138,2
138,1
4294967294,993
137,7
137,6
137,5
137,4
137,2
137,1
4294967294,992
136,7
136,6
136,5
136,4
136,2
136,1
4294967294,991
135,7
135,6
135,5
135,4
135,2
135,1
4294967278,575
4294967294,1438
4294967278,574
134,5
134,4
134,2
134,1
4294967279,374
4294967294,491
4294967294,990
68,4
133,7
133,6
133,5
133,4
133,2
133,1
4294967294,989
132,9
132,2
132,1
4294967279,373
131,7
131,6
131,5
131,4
131,2
131,1
4294967279,372
4294967294,1452
4294967294,464
4294967294,109
4294967294,462
4294967294,460
4294967294,118
4294967294,458
4294967294,988
4294967278,174
4294967279,371
4294967278,573
130,6
130,5
130,4
130,2
130,1
129,9
129,8
129,7
129,2
129,1
4294967294,987
4294967279,370
4294967279,369
128,5
128,3
128,2
128,1
4294967279,368
4294967294,490
4294967278,572
4294967279,275
127,7
127,6
127,5
127,4
127,2
127,1
4294967294,986
4294967279,367
126,5
126,4
126,2
126,1
4294967294,1430
4294967294,962
4294967294,162
4294967294,905
4294967294,170
4294967294,401
4294967279,241
4294967279,239
125,8
125,2
125,1
4294967294,985
124,8
124,7
124,2
124,1
4294967279,366
4294967294,1450
4294967279,365
123,14
123,13
123,12
123,11
123,2
123,1
4294967294,1441
4294967294,984
122,7
122,6
122,5
122,4
122,2
122,1
4294967294,489
4294967294,110
4294967294,119
121,13
121,12
121,2
121,1
4294967278,571
4294967294,983
120,12
120,10
120,2
120,1
4294967278,570
4294967294,982
4294967278,569
119,5
119,4
119,3
119,2
119,1
4294967294,981
118,7
118,3
118,2
118,1
4294967294,52
4294967294,488
4294967294,1449
4294967279,364
117,19
117,18
117,17
117,3
117,2
117,1
4294967294,980
4294967279,134
4294967278,274
116,4
116,3
116,2
116,1
4294967278,281
115,4
115,3
115,2
115,1
4294967294,979
114,5
114,3
114,2
114,1
113,4
113,3
113,2
113,1
4294967279,363
4294967294,978
112,5
112,3
112,2
112,1
4294967279,235
4294967294,487
4294967279,233
111,8
111,7
111,3
111,2
111,1
4294967279,217
4294967294,977
110,10
110,9
110,8
110,7
110,6
110,5
110,4
110,3
110,2
110,1
4294967278,568
109,5
109,3
109,2
109,1
4294967278,567
4294967294,976
4294967279,362
108,4
108,3
108,2
108,1
4294967294,1448
4294967279,361
107,4
107,3
107,2
107,1
4294967294,486
4294967294,1447
4294967279,360
106,6
106,5
106,4
106,2
106,1
4294967294,168
4294967294,459
4294967294,184
4294967294,450
4294967294,1446
105,6
105,5
105,4
105,2
105,1
4294967279,159
104,7
104,6
104,5
104,4
104,2
104,1
4294967294,1439
4294967294,1437
4294967294,964
4294967294,917
4294967294,911
103,7
103,6
103,5
103,4
103,2
103,1
4294967278,137
102,5
102,4
102,2
102,1
4294967279,281
101,12
101,11
101,10
101,9
101,2
101,1
4294967279,359
100,8
100,7
100,2
100,1
4294967278,286
99,10
99,9
99,2
99,1
4294967278,245
4294967294,1444
98,8
98,7
98,6
98,5
98,4
98,2
98,1
4294967294,485
4294967278,219
4294967279,219
97,5
97,4
97,2
97,1
96,7
96,6
96,5
96,4
96,2
96,1
4294967278,566
4294967278,565
4294967279,358
95,7
95,6
95,5
95,4
95,2
95,1
4294967279,357
4294967294,1442
4294967279,356
94,12
94,11
94,10
94,9
94,2
94,1
4294967279,355
4294967294,112
4294967294,191
4294967294,116
4294967294,448
4294967279,354
4294967278,564
93,6
93,2
93,1
4294967294,484
4294967279,353
4294967278,563
92,10
92,9
92,8
4294967279,165
4294967279,164
92,2
92,1
4294967279,352
4294967294,1440
4294967279,351
4294967278,562
4294967279,350
4294967279,157
4294967279,156
91,7
91,6
91,2
91,1
4294967278,561
4294967278,560
4294967279,349
90,13
90,12
90,11
90,10
4294967279,146
90,2
90,1
4294967279,348
4294967279,138
89,6
89,5
89,4
89,2
89,1
4294967294,483
4294967279,347
4294967279,346
4294967278,271
88,8
88,7
88,6
88,5
88,4
88,2
88,1
4294967279,345
4294967294,1428
4294967279,261
4294967278,559
87,7
87,6
87,5
87,4
87,2
87,1
4294967294,1420
4294967294,1436
4294967294,1435
86,8
86,7
86,6
86,5
86,4
86,2
86,1
4294967279,247
4294967278,243
4294967278,558
85,6
85,3
85,2
85,1
4294967279,231
4294967279,229
4294967278,223
4294967279,223
84,5
84,3
84,2
84,1
4294967279,215
4294967279,344
4294967279,88
4294967279,174
4294967279,343
4294967278,557
83,7
83,3
83,2
83,1
4294967279,342
4294967279,341
4294967279,340
4294967279,339
82,7
82,6
82,5
82,4
82,2
82,1
4294967278,556
4294967279,338
4294967294,179
4294967294,407
4294967294,384
4294967294,900
4294967294,403
4294967294,406
4294967294,169
4294967294,175
4294967294,180
4294967294,453
81,7
81,6
81,5
81,4
81,2
81,1
4294967278,555
4294967279,337
4294967279,336
4294967278,554
4294967279,335
80,6
80,5
80,4
80,2
80,1
4294967279,334
4294967294,482
4294967279,333
79,7
79,6
79,2
79,1
4294967279,332
4294967279,331
4294967279,163
4294967279,162
78,6
4294967279,161
78,3
78,2
78,1
4294967279,160
4294967279,158
4294967279,330
4294967278,553
77,5
77,4
77,2
77,1
4294967279,329
4294967278,552
4294967294,1419
76,5
76,4
76,2
76,1
4294967279,328
4294967278,282
4294967294,975
4294967279,327
4294967278,551
75,5
75,4
75,2
75,1
4294967294,161
4294967294,903
4294967294,190
4294967294,961
4294967294,919
4294967278,550
4294967279,279
74,7
74,6
74,5
74,4
74,2
74,1
4294967279,278
4294967294,481
4294967294,1433
4294967279,326
73,10
73,9
73,8
73,2
73,1
4294967279,325
4294967279,288
4294967279,253
4294967279,324
72,7
72,6
72,5
72,4
72,2
72,1
4294967279,245
4294967294,1432
4294967279,243
4294967278,239
4294967279,323
71,7
71,6
71,5
71,4
71,2
71,1
4294967278,229
4294967279,227
4294967279,225
4294967279,221
70,7
70,6
70,5
70,4
70,2
70,1
4294967279,322
4294967279,321
4294967278,549
4294967279,320
69,5
69,4
69,2
69,1
4294967279,319
4294967294,428
4294967294,1422
4294967279,318
4294967279,317
68,10
68,9
68,8
68,2
68,1
4294967278,548
67,7
67,6
4294967279,316
67,5
4294967278,547
67,4
67,3
67,2
67,1
4294967278,546
66,4
66,3
66,2
66,1
4294967294,1431
4294967294,1423
65,4
65,3
65,2
65,1
4294967294,480
4294967279,315
4294967278,545
64,4
64,3
64,2
64,1
4294967278,544
63,8
63,7
63,6
63,5
4294967279,314
4294967278,543
63,4
63,3
63,2
63,1
4294967278,542
62,4
62,3
62,2
62,1
61,4
61,3
61,2
61,1
4294967278,541
60,6
4294967279,313
4294967278,540
60,5
60,4
60,3
60,2
60,1
4294967278,539
4294967278,538
4294967294,396
4294967294,906
4294967294,398
4294967294,183
4294967294,111
4294967294,113
4294967294,413
4294967294,479
4294967279,155
59,4
59,3
59,2
59,1
4294967278,537
4294967279,154
4294967294,1429
4294967279,153
4294967279,152
4294967279,151
58,4
58,3
58,2
58,1
4294967278,536
4294967279,150
4294967279,149
4294967279,148
57,4
57,3
57,2
57,1
4294967278,535
4294967279,147
4294967279,312
4294967278,534
4294967279,145
4294967279,144
4294967279,143
56,4
56,3
56,2
56,1
4294967279,142
55,8
55,7
55,6
4294967278,533
55,5
4294967279,311
55,4
55,3
55,2
55,1
4294967279,310
4294967294,478
4294967279,135
54,4
54,3
54,2
54,1
4294967279,272
53,8
53,7
53,6
4294967279,271
53,5
4294967278,532
4294967278,270
53,4
53,3
53,2
53,1
4294967278,531
4294967279,309
4294967279,292
4294967278,265
52,4
4294967278,264
52,3
52,2
52,1
4294967278,280
51,4
51,3
51,2
51,1
4294967278,278
50,4
50,3
50,2
50,1
4294967278,277
4294967294,477
49,4
49,3
49,2
49,1
4294967278,530
48,4
48,3
48,2
48,1
4294967278,529
4294967279,308
4294967278,255
4294967279,285
4294967278,254
47,4
4294967278,253
47,3
47,2
47,1
4294967278,251
4294967279,307
4294967278,249
46,4
46,3
46,2
46,1
4294967294,1427
4294967294,1426
45,4
45,3
45,2
45,1
4294967294,418
4294967294,476
4294967279,306
4294967278,235
44,4
44,3
44,2
44,1
4294967278,227
43,4
4294967278,222
43,3
43,2
43,1
4294967278,221
42,4
42,3
42,2
42,1
4294967278,215
41,4
41,3
41,2
41,1
4294967278,528
40,4
40,3
40,2
40,1
4294967278,527
4294967294,1424
39,4
39,3
39,2
39,1
4294967278,526
38,4
38,3
38,2
38,1
4294967294,393
4294967294,953
37,4
37,3
37,2
37,1
4294967278,525
4294967294,475
4294967279,305
36,4
36,3
36,2
36,1
4294967278,524
